1,1,119.9,379.6,111.2,249.2,0.870,-1,-1,-1
1,4,221.5,379.0,106.4,289.5,0.828,-1,-1,-1
1,5,328.8,380.7,116.0,271.6,0.774,-1,-1,-1
1,6,832.7,371.6,113.2,297.4,0.483,-1,-1,-1
2,1,119.9,379.5,111.4,249.6,0.870,-1,-1,-1
2,4,221.5,379.1,106.6,289.6,0.824,-1,-1,-1
2,5,328.8,380.6,116.0,271.6,0.774,-1,-1,-1
2,6,838.5,370.2,109.0,311.8,0.473,-1,-1,-1
3,1,119.9,379.5,111.3,249.4,0.871,-1,-1,-1
3,4,221.5,379.1,106.8,289.3,0.821,-1,-1,-1
3,5,328.8,380.6,116.0,271.7,0.780,-1,-1,-1
3,6,838.3,370.2,109.2,311.3,0.468,-1,-1,-1
4,1,119.9,379.5,111.3,250.1,0.868,-1,-1,-1
4,4,221.5,379.1,106.8,289.0,0.820,-1,-1,-1
4,5,328.8,380.7,115.9,271.8,0.781,-1,-1,-1
4,6,830.4,371.3,115.5,296.6,0.468,-1,-1,-1
5,1,117.7,382.3,112.6,249.9,0.908,-1,-1,-1
5,4,222.7,381.5,106.4,287.0,0.798,-1,-1,-1
5,5,326.8,381.7,117.3,271.4,0.783,-1,-1,-1
6,1,117.6,382.2,112.6,250.2,0.907,-1,-1,-1
6,4,222.7,381.4,106.4,287.2,0.798,-1,-1,-1
6,5,326.8,381.6,117.3,271.4,0.783,-1,-1,-1
7,1,117.6,382.3,112.7,250.3,0.907,-1,-1,-1
7,4,222.8,381.4,106.3,287.1,0.797,-1,-1,-1
7,5,326.7,381.6,117.5,271.4,0.784,-1,-1,-1
8,1,117.5,382.2,112.7,250.0,0.908,-1,-1,-1
8,4,222.8,381.4,106.3,286.8,0.798,-1,-1,-1
8,5,326.8,381.6,117.4,271.3,0.783,-1,-1,-1
9,1,116.2,385.0,114.0,251.4,0.912,-1,-1,-1
9,5,326.0,382.7,116.6,270.9,0.783,-1,-1,-1
9,4,225.0,382.4,105.2,285.0,0.736,-1,-1,-1
10,1,116.1,384.9,114.0,251.3,0.913,-1,-1,-1
10,5,326.0,382.7,116.6,270.9,0.782,-1,-1,-1
10,4,225.1,382.3,105.3,285.0,0.727,-1,-1,-1
11,1,116.0,385.2,114.2,250.0,0.914,-1,-1,-1
11,5,325.9,382.7,116.6,270.8,0.783,-1,-1,-1
11,4,225.0,382.3,105.2,285.3,0.733,-1,-1,-1
12,1,116.1,385.2,114.0,251.1,0.912,-1,-1,-1
12,5,326.0,382.8,116.6,270.8,0.783,-1,-1,-1
12,4,225.0,382.3,105.2,285.1,0.732,-1,-1,-1
13,1,116.2,384.8,110.5,254.2,0.906,-1,-1,-1
13,5,324.9,383.1,115.1,270.3,0.791,-1,-1,-1
13,4,223.9,382.1,109.3,285.3,0.763,-1,-1,-1
14,1,116.0,384.9,110.6,255.4,0.904,-1,-1,-1
14,5,324.9,383.1,115.1,270.4,0.792,-1,-1,-1
14,4,223.9,382.1,109.3,285.1,0.764,-1,-1,-1
15,1,116.0,385.0,110.6,255.5,0.904,-1,-1,-1
15,5,324.9,383.1,115.1,270.4,0.792,-1,-1,-1
15,4,223.9,382.1,109.3,285.0,0.765,-1,-1,-1
16,1,115.9,385.0,110.8,255.4,0.904,-1,-1,-1
16,5,325.0,383.2,115.1,270.2,0.791,-1,-1,-1
16,4,223.9,382.1,109.5,284.9,0.764,-1,-1,-1
17,1,112.7,386.3,111.6,261.5,0.863,-1,-1,-1
17,4,222.9,380.8,110.9,286.1,0.835,-1,-1,-1
17,5,324.6,384.6,114.0,268.9,0.811,-1,-1,-1
18,1,112.7,386.3,111.5,261.9,0.862,-1,-1,-1
18,4,222.9,380.8,110.9,286.1,0.834,-1,-1,-1
18,5,324.6,384.7,114.0,268.9,0.811,-1,-1,-1
19,1,112.7,386.2,111.5,261.9,0.863,-1,-1,-1
19,4,222.9,380.8,110.9,286.0,0.834,-1,-1,-1
19,5,324.6,384.7,114.0,268.9,0.811,-1,-1,-1
20,1,112.6,386.2,111.6,261.3,0.865,-1,-1,-1
20,4,222.9,380.8,110.9,285.9,0.835,-1,-1,-1
20,5,324.6,384.6,114.0,269.1,0.812,-1,-1,-1
21,1,110.0,384.3,112.2,255.0,0.861,-1,-1,-1
21,5,325.0,385.2,111.7,268.4,0.812,-1,-1,-1
21,4,223.8,378.7,108.3,286.2,0.787,-1,-1,-1
22,1,110.0,384.3,112.3,255.3,0.859,-1,-1,-1
22,5,325.0,385.2,111.7,268.4,0.812,-1,-1,-1
22,4,223.9,378.7,108.3,286.5,0.786,-1,-1,-1
23,1,110.1,384.3,112.2,255.3,0.860,-1,-1,-1
23,5,325.0,385.3,111.7,268.3,0.812,-1,-1,-1
23,4,223.9,378.6,108.0,286.8,0.788,-1,-1,-1
23,9,0.1,371.5,43.7,350.4,0.351,-1,-1,-1
24,1,110.0,384.3,112.2,256.3,0.852,-1,-1,-1
24,5,325.0,385.3,111.7,268.4,0.812,-1,-1,-1
24,4,223.9,378.6,108.0,286.6,0.789,-1,-1,-1
24,9,0.0,381.1,45.5,340.7,0.395,-1,-1,-1
25,5,324.1,384.0,111.4,270.6,0.785,-1,-1,-1
25,1,101.1,383.0,121.6,254.2,0.765,-1,-1,-1
25,4,222.0,377.9,118.6,286.2,0.737,-1,-1,-1
25,9,0.0,389.3,44.7,334.4,0.318,-1,-1,-1
26,5,324.2,384.0,111.5,270.6,0.784,-1,-1,-1
26,1,101.3,383.2,121.3,254.1,0.765,-1,-1,-1
26,4,222.0,377.9,118.3,285.3,0.736,-1,-1,-1
26,9,0.0,388.9,44.3,333.3,0.298,-1,-1,-1
27,5,324.2,384.0,111.5,270.8,0.784,-1,-1,-1
27,1,101.3,383.2,121.4,254.0,0.767,-1,-1,-1
27,4,221.9,377.9,118.2,285.2,0.736,-1,-1,-1
27,9,0.2,374.4,43.2,346.8,0.289,-1,-1,-1
28,5,324.2,384.0,111.4,270.8,0.786,-1,-1,-1
28,1,101.4,383.3,121.3,254.4,0.766,-1,-1,-1
28,4,221.9,377.9,118.0,284.8,0.734,-1,-1,-1
28,9,0.2,375.1,42.8,345.1,0.315,-1,-1,-1
29,5,323.8,383.9,110.6,272.8,0.804,-1,-1,-1
29,1,103.7,380.0,118.0,278.5,0.773,-1,-1,-1
29,4,223.2,376.2,111.2,292.1,0.707,-1,-1,-1
30,5,323.8,383.9,110.7,272.8,0.803,-1,-1,-1
30,1,103.7,380.1,117.9,278.5,0.775,-1,-1,-1
30,4,223.1,376.2,111.4,292.1,0.708,-1,-1,-1
30,9,0.2,373.2,38.7,346.1,0.259,-1,-1,-1
31,5,323.9,384.0,110.7,272.8,0.804,-1,-1,-1
31,1,103.9,380.2,117.7,279.3,0.778,-1,-1,-1
31,4,223.1,376.2,111.4,291.9,0.709,-1,-1,-1
31,9,0.2,373.2,38.5,344.3,0.255,-1,-1,-1
32,5,323.8,384.0,110.8,272.7,0.801,-1,-1,-1
32,1,104.0,380.2,117.6,279.9,0.780,-1,-1,-1
32,4,223.2,376.2,111.7,291.8,0.711,-1,-1,-1
32,9,0.2,373.2,38.7,344.2,0.261,-1,-1,-1
33,5,325.5,382.0,109.3,273.3,0.804,-1,-1,-1
33,4,225.0,375.1,106.6,285.2,0.796,-1,-1,-1
33,1,101.6,379.1,119.4,280.8,0.755,-1,-1,-1
33,9,0.1,371.7,40.2,346.2,0.284,-1,-1,-1
34,5,325.5,382.0,109.2,273.3,0.803,-1,-1,-1
34,4,225.1,375.0,106.5,286.0,0.795,-1,-1,-1
34,1,102.0,379.2,119.1,280.3,0.750,-1,-1,-1
34,9,0.1,371.5,40.3,346.4,0.283,-1,-1,-1
35,5,325.6,382.0,109.1,273.2,0.802,-1,-1,-1
35,4,225.1,374.9,106.4,286.0,0.799,-1,-1,-1
35,1,102.0,379.8,119.2,280.3,0.759,-1,-1,-1
35,9,0.1,371.5,40.4,346.6,0.291,-1,-1,-1
36,4,225.0,374.9,106.5,286.0,0.801,-1,-1,-1
36,5,325.6,382.0,109.1,273.0,0.800,-1,-1,-1
36,1,101.8,379.8,119.3,279.0,0.754,-1,-1,-1
36,9,0.1,371.3,40.1,345.8,0.282,-1,-1,-1
37,5,325.1,380.1,106.3,271.4,0.823,-1,-1,-1
37,4,224.2,374.9,106.7,288.9,0.807,-1,-1,-1
37,1,94.0,380.3,128.1,261.4,0.733,-1,-1,-1
37,9,0.1,373.2,44.0,324.1,0.430,-1,-1,-1
38,5,325.0,380.1,106.3,271.3,0.822,-1,-1,-1
38,4,224.3,375.0,106.5,288.7,0.800,-1,-1,-1
38,1,96.4,378.8,123.5,266.7,0.742,-1,-1,-1
38,9,0.0,372.6,44.9,324.6,0.455,-1,-1,-1
39,5,325.2,380.0,106.3,271.3,0.817,-1,-1,-1
39,4,224.5,375.0,106.6,289.5,0.784,-1,-1,-1
39,1,96.8,378.9,123.0,266.8,0.747,-1,-1,-1
39,9,0.0,372.9,45.7,324.5,0.478,-1,-1,-1
40,5,325.0,380.0,106.4,271.1,0.818,-1,-1,-1
40,4,224.2,375.2,106.4,289.2,0.797,-1,-1,-1
40,1,96.3,378.9,123.5,267.3,0.747,-1,-1,-1
40,9,0.0,372.8,45.1,326.5,0.482,-1,-1,-1
41,4,223.2,374.4,106.4,289.3,0.797,-1,-1,-1
41,5,322.0,379.0,106.3,271.7,0.785,-1,-1,-1
41,1,93.9,380.4,128.7,266.8,0.703,-1,-1,-1
41,9,0.0,372.6,51.1,313.4,0.302,-1,-1,-1
42,4,223.3,374.3,106.2,289.4,0.796,-1,-1,-1
42,5,322.1,379.0,106.3,271.7,0.787,-1,-1,-1
42,1,96.6,385.4,124.5,262.5,0.702,-1,-1,-1
42,9,0.0,372.2,52.0,313.1,0.298,-1,-1,-1
43,4,223.4,374.4,106.2,289.5,0.795,-1,-1,-1
43,5,322.0,379.0,106.4,271.7,0.786,-1,-1,-1
43,1,93.6,380.3,128.9,265.4,0.707,-1,-1,-1
43,9,0.0,372.3,52.1,313.1,0.304,-1,-1,-1
44,4,223.3,374.4,106.4,289.3,0.795,-1,-1,-1
44,5,321.7,379.0,106.5,271.6,0.784,-1,-1,-1
44,1,93.7,380.3,128.8,266.2,0.705,-1,-1,-1
44,9,0.0,372.3,51.9,312.4,0.298,-1,-1,-1
45,4,218.3,374.7,110.6,291.1,0.813,-1,-1,-1
45,5,318.9,378.6,104.3,272.7,0.785,-1,-1,-1
45,1,93.0,381.2,128.5,271.1,0.704,-1,-1,-1
45,9,0.0,371.7,56.2,291.3,0.378,-1,-1,-1
46,4,218.4,374.7,110.5,290.6,0.811,-1,-1,-1
46,5,318.5,378.6,104.7,272.9,0.785,-1,-1,-1
46,1,93.3,381.1,128.3,270.3,0.706,-1,-1,-1
46,9,0.0,371.9,56.1,290.9,0.378,-1,-1,-1
47,4,218.4,374.7,110.4,290.6,0.810,-1,-1,-1
47,5,318.1,378.6,105.1,273.0,0.779,-1,-1,-1
47,1,93.2,381.1,128.3,269.6,0.705,-1,-1,-1
47,9,0.0,372.1,55.1,289.8,0.364,-1,-1,-1
48,4,218.3,374.7,110.4,290.8,0.811,-1,-1,-1
48,5,317.9,378.6,105.3,273.1,0.782,-1,-1,-1
48,1,93.3,381.0,128.3,269.1,0.705,-1,-1,-1
48,9,0.0,372.0,54.9,289.1,0.361,-1,-1,-1
49,4,217.7,376.1,110.8,292.6,0.779,-1,-1,-1
49,1,98.5,381.1,123.3,258.1,0.709,-1,-1,-1
49,5,317.1,378.4,103.2,272.1,0.642,-1,-1,-1
49,9,0.1,374.6,58.8,231.7,0.372,-1,-1,-1
50,4,217.6,376.1,110.9,293.1,0.779,-1,-1,-1
50,1,98.4,381.2,123.3,257.4,0.711,-1,-1,-1
50,5,317.0,378.4,103.3,272.1,0.644,-1,-1,-1
50,9,0.1,375.1,58.5,231.4,0.364,-1,-1,-1
51,4,217.7,376.0,110.8,293.5,0.782,-1,-1,-1
51,1,98.6,381.5,123.2,256.5,0.712,-1,-1,-1
51,5,317.0,378.4,103.4,272.1,0.648,-1,-1,-1
51,9,0.1,375.8,58.5,231.1,0.358,-1,-1,-1
52,4,217.8,376.0,110.7,293.6,0.784,-1,-1,-1
52,1,98.5,381.5,123.3,256.5,0.714,-1,-1,-1
52,5,316.9,378.4,103.4,272.2,0.651,-1,-1,-1
52,9,0.1,376.0,58.5,231.2,0.354,-1,-1,-1
53,4,216.3,377.4,112.5,297.9,0.789,-1,-1,-1
53,1,94.8,386.0,121.3,269.4,0.760,-1,-1,-1
53,5,317.4,378.5,102.3,272.5,0.688,-1,-1,-1
53,9,0.1,376.5,59.7,232.3,0.409,-1,-1,-1
54,4,216.2,377.4,112.5,297.8,0.792,-1,-1,-1
54,1,94.8,386.0,121.3,268.8,0.762,-1,-1,-1
54,5,317.3,378.6,102.5,272.6,0.691,-1,-1,-1
54,9,0.1,376.6,59.7,232.4,0.408,-1,-1,-1
55,4,216.1,377.4,112.8,297.8,0.791,-1,-1,-1
55,1,95.0,386.0,121.2,268.3,0.760,-1,-1,-1
55,5,317.4,378.6,102.4,272.6,0.694,-1,-1,-1
55,9,0.1,376.5,60.1,232.4,0.410,-1,-1,-1
56,4,216.1,377.5,112.7,298.0,0.793,-1,-1,-1
56,1,95.0,385.9,121.2,267.9,0.759,-1,-1,-1
56,5,317.4,378.5,102.4,272.6,0.694,-1,-1,-1
56,9,0.1,376.5,59.7,232.4,0.409,-1,-1,-1
57,4,219.6,380.4,108.5,281.2,0.829,-1,-1,-1
57,1,94.2,383.4,116.7,280.9,0.758,-1,-1,-1
57,5,317.7,378.8,102.3,268.5,0.705,-1,-1,-1
57,9,0.1,382.5,59.2,231.8,0.295,-1,-1,-1
58,4,219.6,380.4,108.5,282.2,0.830,-1,-1,-1
58,1,94.2,383.5,116.7,280.8,0.757,-1,-1,-1
58,5,317.8,378.8,102.3,268.6,0.713,-1,-1,-1
58,9,0.2,381.9,58.7,232.1,0.293,-1,-1,-1
59,4,219.7,380.4,108.5,282.3,0.832,-1,-1,-1
59,1,94.0,383.4,116.6,280.4,0.757,-1,-1,-1
59,5,317.9,378.8,102.2,268.7,0.709,-1,-1,-1
59,9,0.2,381.5,57.7,233.2,0.291,-1,-1,-1
60,4,219.6,380.4,108.6,283.3,0.833,-1,-1,-1
60,1,94.2,383.5,116.1,278.2,0.757,-1,-1,-1
60,5,317.9,378.8,102.2,268.7,0.715,-1,-1,-1
60,9,0.2,380.2,57.3,234.1,0.292,-1,-1,-1
61,4,217.8,381.6,110.5,280.7,0.859,-1,-1,-1
61,1,87.4,380.0,114.9,259.4,0.730,-1,-1,-1
61,5,317.2,378.8,102.9,268.2,0.672,-1,-1,-1
61,9,0.0,389.8,69.9,207.6,0.401,-1,-1,-1
62,4,217.9,381.6,110.1,280.9,0.860,-1,-1,-1
62,1,87.3,380.0,114.6,259.2,0.730,-1,-1,-1
62,5,317.1,378.8,102.8,268.3,0.673,-1,-1,-1
62,9,0.0,390.1,69.9,207.3,0.407,-1,-1,-1
63,4,218.0,381.6,109.9,280.6,0.861,-1,-1,-1
63,1,87.4,380.0,114.2,258.4,0.728,-1,-1,-1
63,5,317.0,378.7,103.1,268.3,0.681,-1,-1,-1
63,9,0.0,390.0,70.0,207.2,0.402,-1,-1,-1
64,4,218.0,381.6,109.9,280.9,0.862,-1,-1,-1
64,1,87.4,380.1,114.2,259.8,0.726,-1,-1,-1
64,5,317.1,378.8,103.0,268.3,0.694,-1,-1,-1
64,9,0.0,389.8,69.6,207.2,0.435,-1,-1,-1
65,4,217.5,383.0,110.7,281.0,0.868,-1,-1,-1
65,1,87.7,381.1,117.3,253.0,0.728,-1,-1,-1
65,5,318.9,379.3,101.7,267.7,0.726,-1,-1,-1
65,9,0.3,385.4,74.2,216.7,0.345,-1,-1,-1
66,4,217.3,383.1,111.0,281.0,0.868,-1,-1,-1
66,1,87.6,381.1,118.8,252.8,0.733,-1,-1,-1
66,5,318.9,379.2,101.8,267.5,0.727,-1,-1,-1
66,9,0.3,384.6,74.2,218.1,0.356,-1,-1,-1
67,4,217.4,383.1,110.9,281.1,0.870,-1,-1,-1
67,1,87.6,381.0,117.9,252.5,0.734,-1,-1,-1
67,5,318.9,379.2,101.8,267.5,0.721,-1,-1,-1
67,9,0.3,384.9,74.1,218.2,0.359,-1,-1,-1
68,4,217.4,383.1,110.9,281.0,0.871,-1,-1,-1
68,1,87.6,381.0,117.0,252.5,0.732,-1,-1,-1
68,5,318.9,379.2,101.9,267.6,0.721,-1,-1,-1
68,9,0.3,384.9,74.1,218.3,0.359,-1,-1,-1
69,4,215.0,383.1,110.8,280.8,0.843,-1,-1,-1
69,1,88.0,380.1,108.6,251.0,0.732,-1,-1,-1
69,5,317.2,381.7,105.7,266.7,0.728,-1,-1,-1
70,4,215.0,383.1,110.8,280.8,0.844,-1,-1,-1
70,1,88.1,380.1,108.5,251.0,0.732,-1,-1,-1
70,5,317.2,381.7,105.6,266.7,0.731,-1,-1,-1
71,4,215.0,383.1,110.8,280.8,0.842,-1,-1,-1
71,1,88.0,380.2,108.5,250.9,0.734,-1,-1,-1
71,5,317.1,381.7,105.7,266.6,0.728,-1,-1,-1
72,4,215.0,383.1,110.9,280.8,0.840,-1,-1,-1
72,1,88.0,380.2,108.5,250.8,0.735,-1,-1,-1
72,5,317.2,381.7,105.7,266.7,0.730,-1,-1,-1
73,4,212.4,382.2,113.1,287.7,0.814,-1,-1,-1
73,5,317.7,381.9,105.8,266.1,0.751,-1,-1,-1
73,1,92.0,380.3,105.1,249.8,0.702,-1,-1,-1
74,4,212.3,382.2,113.2,288.0,0.812,-1,-1,-1
74,5,317.6,382.0,106.0,266.1,0.753,-1,-1,-1
74,1,92.0,380.3,105.1,249.8,0.706,-1,-1,-1
75,4,212.4,382.3,113.0,288.0,0.815,-1,-1,-1
75,5,317.6,381.9,106.1,266.1,0.755,-1,-1,-1
75,1,92.0,380.4,105.1,249.8,0.710,-1,-1,-1
76,4,212.5,382.3,112.8,287.9,0.817,-1,-1,-1
76,5,317.5,381.9,106.1,266.3,0.759,-1,-1,-1
76,1,92.0,380.4,105.2,249.7,0.711,-1,-1,-1
77,4,203.9,382.1,117.5,282.8,0.858,-1,-1,-1
77,5,315.9,382.1,107.2,267.5,0.803,-1,-1,-1
77,1,92.6,380.4,102.9,250.8,0.773,-1,-1,-1
78,4,201.5,381.8,119.6,284.4,0.845,-1,-1,-1
78,5,315.5,382.4,107.5,267.6,0.812,-1,-1,-1
78,1,92.0,380.6,103.4,250.8,0.793,-1,-1,-1
79,4,200.5,381.7,120.4,283.8,0.835,-1,-1,-1
79,5,315.3,382.6,107.8,267.2,0.807,-1,-1,-1
79,1,91.9,380.7,103.9,251.2,0.792,-1,-1,-1
80,4,200.3,381.5,120.6,286.1,0.836,-1,-1,-1
80,5,315.3,382.5,107.7,267.6,0.814,-1,-1,-1
80,1,92.2,380.7,103.6,250.9,0.792,-1,-1,-1
81,4,202.6,380.6,117.0,280.5,0.873,-1,-1,-1
81,5,314.7,382.0,108.3,267.3,0.816,-1,-1,-1
81,1,93.5,381.0,103.7,251.7,0.767,-1,-1,-1
81,9,0.6,385.9,83.1,242.3,0.335,-1,-1,-1
82,4,202.5,380.6,117.2,281.1,0.872,-1,-1,-1
82,5,314.6,382.1,108.2,267.1,0.819,-1,-1,-1
82,1,93.6,381.0,103.6,251.7,0.769,-1,-1,-1
82,9,0.5,385.5,82.9,242.7,0.341,-1,-1,-1
83,4,202.5,380.6,117.2,280.6,0.872,-1,-1,-1
83,5,314.5,382.3,108.3,266.9,0.819,-1,-1,-1
83,1,93.7,381.0,103.5,252.0,0.764,-1,-1,-1
83,9,0.6,385.4,83.0,242.8,0.338,-1,-1,-1
84,4,202.6,380.6,117.1,280.6,0.872,-1,-1,-1
84,5,314.5,382.3,108.5,267.0,0.821,-1,-1,-1
84,1,93.5,381.0,103.6,252.0,0.766,-1,-1,-1
84,9,0.5,385.3,82.8,243.3,0.342,-1,-1,-1
85,4,198.9,379.3,118.0,280.4,0.856,-1,-1,-1
85,5,313.9,382.1,108.6,267.5,0.820,-1,-1,-1
85,1,96.1,381.5,102.6,254.7,0.786,-1,-1,-1
86,4,198.9,379.4,118.0,280.0,0.857,-1,-1,-1
86,5,313.9,382.1,108.7,267.6,0.820,-1,-1,-1
86,1,96.0,381.5,102.6,254.8,0.784,-1,-1,-1
87,4,198.9,379.2,118.1,280.3,0.857,-1,-1,-1
87,5,313.9,382.1,108.7,267.7,0.819,-1,-1,-1
87,1,96.0,381.5,102.5,255.1,0.784,-1,-1,-1
88,4,198.9,379.2,118.0,280.1,0.857,-1,-1,-1
88,5,313.9,382.1,108.9,267.7,0.821,-1,-1,-1
88,1,95.9,381.6,102.5,255.2,0.782,-1,-1,-1
89,4,195.8,378.2,120.2,282.4,0.831,-1,-1,-1
89,5,314.1,381.4,108.7,268.5,0.827,-1,-1,-1
89,1,99.8,381.7,102.1,251.6,0.782,-1,-1,-1
89,9,19.7,389.3,70.1,226.4,0.325,-1,-1,-1
90,4,195.8,378.2,120.2,282.4,0.830,-1,-1,-1
90,5,314.1,381.4,108.7,268.5,0.828,-1,-1,-1
90,1,99.8,381.8,102.0,251.5,0.782,-1,-1,-1
90,9,19.6,389.5,70.2,226.2,0.329,-1,-1,-1
91,4,195.8,378.1,120.2,282.5,0.830,-1,-1,-1
91,5,314.1,381.4,108.7,268.6,0.827,-1,-1,-1
91,1,99.8,381.8,102.1,251.5,0.782,-1,-1,-1
91,9,19.4,389.5,70.5,226.3,0.326,-1,-1,-1
92,4,195.7,378.2,120.3,282.1,0.831,-1,-1,-1
92,5,314.1,381.4,108.7,268.6,0.829,-1,-1,-1
92,1,99.8,381.7,101.9,251.6,0.781,-1,-1,-1
92,9,19.2,389.6,70.7,226.3,0.330,-1,-1,-1
93,4,193.5,377.8,120.1,287.4,0.831,-1,-1,-1
93,5,313.9,381.5,108.7,267.6,0.831,-1,-1,-1
93,1,101.0,382.0,95.4,250.1,0.720,-1,-1,-1
93,9,26.2,397.4,68.1,201.8,0.520,-1,-1,-1
94,5,313.9,381.5,108.7,267.7,0.832,-1,-1,-1
94,4,193.5,377.8,120.0,287.2,0.831,-1,-1,-1
94,1,101.0,382.0,95.3,250.1,0.717,-1,-1,-1
94,9,26.1,397.4,68.2,202.0,0.515,-1,-1,-1
94,8,0.0,382.7,44.1,252.2,0.508,-1,-1,-1
95,5,313.9,381.5,108.7,267.7,0.832,-1,-1,-1
95,4,193.6,377.8,120.0,287.2,0.832,-1,-1,-1
95,1,101.0,382.0,95.4,250.1,0.718,-1,-1,-1
95,9,26.1,397.4,68.2,202.0,0.516,-1,-1,-1
95,8,0.0,382.7,44.1,252.2,0.508,-1,-1,-1
96,5,313.9,381.5,108.7,267.8,0.832,-1,-1,-1
96,4,193.6,377.8,119.9,286.9,0.829,-1,-1,-1
96,1,101.2,382.0,95.3,250.1,0.717,-1,-1,-1
96,9,26.0,397.5,68.3,201.9,0.517,-1,-1,-1
96,8,0.0,382.8,44.0,252.1,0.505,-1,-1,-1
97,5,312.5,381.1,107.6,264.3,0.838,-1,-1,-1
97,1,104.6,381.6,91.6,254.1,0.723,-1,-1,-1
97,4,193.1,378.3,118.8,287.0,0.713,-1,-1,-1
97,9,23.6,396.2,73.6,209.8,0.406,-1,-1,-1
97,8,0.0,387.3,44.9,249.1,0.386,-1,-1,-1
98,5,312.6,381.1,107.6,264.3,0.839,-1,-1,-1
98,1,104.6,381.6,91.6,254.1,0.723,-1,-1,-1
98,4,193.0,378.4,118.9,286.8,0.712,-1,-1,-1
98,9,23.7,396.2,73.5,209.8,0.404,-1,-1,-1
98,8,0.0,387.4,44.9,249.0,0.386,-1,-1,-1
99,5,312.6,381.1,107.6,264.3,0.839,-1,-1,-1
99,1,104.5,381.6,91.2,254.1,0.720,-1,-1,-1
99,4,193.0,378.4,119.0,286.9,0.713,-1,-1,-1
99,9,23.7,396.2,73.5,209.7,0.405,-1,-1,-1
99,8,0.0,387.4,44.9,249.1,0.386,-1,-1,-1
100,5,312.5,381.1,107.6,264.2,0.840,-1,-1,-1
100,1,104.5,381.6,91.3,254.1,0.718,-1,-1,-1
100,4,193.0,378.4,119.0,286.9,0.713,-1,-1,-1
100,9,23.8,396.3,73.4,209.5,0.406,-1,-1,-1
100,8,0.0,387.3,45.0,249.1,0.390,-1,-1,-1
101,5,310.9,380.8,109.1,264.0,0.847,-1,-1,-1
101,1,105.8,381.4,90.7,259.7,0.733,-1,-1,-1
101,4,194.4,376.9,115.2,302.2,0.716,-1,-1,-1
101,9,25.2,396.9,77.7,204.5,0.528,-1,-1,-1
101,8,0.0,383.0,44.3,252.3,0.376,-1,-1,-1
102,5,311.0,380.8,109.0,263.9,0.847,-1,-1,-1
102,1,105.7,381.3,90.7,259.7,0.734,-1,-1,-1
102,4,194.4,376.9,115.3,302.3,0.718,-1,-1,-1
102,9,25.2,396.9,77.7,204.6,0.527,-1,-1,-1
102,8,0.0,383.3,44.3,252.1,0.372,-1,-1,-1
103,5,311.0,380.8,109.0,264.0,0.845,-1,-1,-1
103,1,105.7,381.3,90.8,259.7,0.731,-1,-1,-1
103,4,194.3,376.9,115.1,302.4,0.718,-1,-1,-1
103,9,28.2,393.9,74.1,206.7,0.525,-1,-1,-1
103,8,0.0,384.1,44.1,251.4,0.358,-1,-1,-1
104,5,310.8,380.8,109.2,263.9,0.848,-1,-1,-1
104,1,105.9,381.3,90.5,259.5,0.737,-1,-1,-1
104,4,194.4,376.8,115.0,302.7,0.718,-1,-1,-1
104,9,28.1,393.8,74.3,206.7,0.528,-1,-1,-1
104,8,0.0,384.0,44.1,251.5,0.358,-1,-1,-1
105,5,311.3,380.6,108.5,263.9,0.825,-1,-1,-1
105,4,193.0,378.1,119.3,291.0,0.720,-1,-1,-1
105,2,1147.2,379.2,85.6,260.8,0.632,-1,-1,-1
105,1,106.5,380.6,87.3,260.7,0.626,-1,-1,-1
105,9,22.2,391.7,83.6,214.1,0.517,-1,-1,-1
105,8,0.0,370.9,43.7,266.0,0.258,-1,-1,-1
106,5,311.3,380.5,108.6,263.9,0.824,-1,-1,-1
106,4,193.0,378.1,119.1,291.0,0.721,-1,-1,-1
106,2,1147.2,379.2,85.6,260.8,0.630,-1,-1,-1
106,1,106.5,380.6,87.4,260.7,0.627,-1,-1,-1
106,9,22.0,391.6,83.8,214.7,0.519,-1,-1,-1
106,8,0.0,370.2,43.6,266.8,0.256,-1,-1,-1
107,5,311.3,380.5,108.6,264.0,0.821,-1,-1,-1
107,4,193.0,378.1,118.9,290.7,0.720,-1,-1,-1
107,2,1147.2,379.3,85.5,260.7,0.630,-1,-1,-1
107,1,106.5,380.5,87.4,260.7,0.626,-1,-1,-1
107,9,22.4,391.5,83.6,214.5,0.518,-1,-1,-1
107,8,0.0,370.1,43.7,267.0,0.257,-1,-1,-1
108,5,311.3,380.4,108.6,263.7,0.823,-1,-1,-1
108,4,193.0,378.1,119.0,291.0,0.722,-1,-1,-1
108,1,106.6,380.5,87.5,260.9,0.630,-1,-1,-1
108,2,1147.3,379.3,85.4,260.9,0.629,-1,-1,-1
108,9,22.3,391.3,83.7,214.8,0.517,-1,-1,-1
108,8,0.0,370.3,43.8,266.8,0.264,-1,-1,-1
109,5,312.1,380.5,109.3,266.9,0.775,-1,-1,-1
109,4,191.7,378.4,116.7,288.4,0.701,-1,-1,-1
109,2,1146.0,377.5,86.6,262.9,0.608,-1,-1,-1
109,1,105.6,380.2,86.1,262.7,0.565,-1,-1,-1
109,9,19.6,390.8,86.4,238.9,0.369,-1,-1,-1
110,5,312.1,380.5,109.3,266.9,0.774,-1,-1,-1
110,4,191.9,378.3,115.9,288.2,0.701,-1,-1,-1
110,2,1146.0,377.3,86.4,263.1,0.607,-1,-1,-1
110,1,105.6,380.1,86.2,262.7,0.555,-1,-1,-1
110,9,19.5,390.7,86.4,239.0,0.373,-1,-1,-1
111,5,312.1,380.5,109.3,266.9,0.774,-1,-1,-1
111,4,191.9,378.4,116.0,288.2,0.699,-1,-1,-1
111,2,1146.5,377.2,85.8,263.1,0.606,-1,-1,-1
111,1,105.5,380.1,86.3,262.4,0.558,-1,-1,-1
111,9,26.5,395.4,82.1,203.3,0.368,-1,-1,-1
112,5,312.1,380.5,109.4,266.9,0.776,-1,-1,-1
112,4,191.9,378.3,116.0,288.7,0.704,-1,-1,-1
112,2,1146.7,377.1,85.6,263.3,0.606,-1,-1,-1
112,1,105.5,380.2,86.3,262.6,0.559,-1,-1,-1
112,9,26.2,395.4,82.3,203.4,0.376,-1,-1,-1
113,5,310.2,380.8,110.8,267.4,0.776,-1,-1,-1
113,4,190.8,379.9,113.6,289.2,0.720,-1,-1,-1
113,2,1145.3,376.3,86.6,266.0,0.625,-1,-1,-1
113,1,101.1,379.9,90.4,260.4,0.575,-1,-1,-1
113,8,0.4,383.9,78.4,256.2,0.411,-1,-1,-1
113,9,36.7,394.0,75.2,210.1,0.316,-1,-1,-1
114,5,310.3,380.8,110.6,267.3,0.776,-1,-1,-1
114,4,190.9,379.8,113.6,289.2,0.720,-1,-1,-1
114,2,1144.5,376.3,87.4,266.5,0.621,-1,-1,-1
114,1,101.1,379.8,90.5,260.4,0.571,-1,-1,-1
114,8,0.4,383.9,78.7,256.1,0.410,-1,-1,-1
114,9,36.1,394.0,75.8,210.5,0.319,-1,-1,-1
115,5,310.2,380.8,110.7,267.2,0.775,-1,-1,-1
115,4,190.9,379.8,113.5,289.1,0.718,-1,-1,-1
115,2,1143.8,376.2,88.1,267.1,0.617,-1,-1,-1
115,1,101.2,379.8,90.4,260.4,0.563,-1,-1,-1
115,8,0.4,383.9,78.7,256.2,0.409,-1,-1,-1
115,9,36.1,394.0,75.8,210.4,0.322,-1,-1,-1
116,5,310.3,380.8,110.8,267.2,0.776,-1,-1,-1
116,4,189.9,378.3,109.4,292.7,0.718,-1,-1,-1
116,2,1142.6,376.4,89.3,266.6,0.605,-1,-1,-1
116,1,100.1,381.0,91.6,260.2,0.557,-1,-1,-1
116,8,0.4,383.6,78.7,256.4,0.413,-1,-1,-1
116,9,35.8,394.0,76.3,210.7,0.318,-1,-1,-1
117,5,308.0,380.7,112.3,265.5,0.764,-1,-1,-1
117,4,188.8,379.8,113.8,290.4,0.715,-1,-1,-1
117,2,1139.5,373.0,92.7,272.0,0.606,-1,-1,-1
117,1,99.4,380.9,91.8,258.2,0.548,-1,-1,-1
117,8,0.4,381.1,85.6,258.3,0.395,-1,-1,-1
118,5,308.2,380.7,112.3,265.4,0.764,-1,-1,-1
118,4,188.7,379.9,114.1,290.2,0.717,-1,-1,-1
118,2,1139.6,373.3,92.1,271.5,0.604,-1,-1,-1
118,1,99.6,381.0,91.9,258.4,0.552,-1,-1,-1
118,8,0.4,380.9,85.2,258.5,0.402,-1,-1,-1
119,5,308.0,380.7,112.4,265.5,0.765,-1,-1,-1
119,4,189.0,380.1,113.9,289.7,0.719,-1,-1,-1
119,2,1139.1,372.8,93.0,272.3,0.605,-1,-1,-1
119,1,99.8,381.0,92.0,258.3,0.562,-1,-1,-1
119,8,0.4,381.1,85.0,258.3,0.406,-1,-1,-1
120,5,307.8,380.8,112.7,265.5,0.766,-1,-1,-1
120,4,189.1,380.1,113.5,289.8,0.717,-1,-1,-1
120,2,1139.8,373.2,92.3,271.4,0.612,-1,-1,-1
120,1,99.7,381.1,92.0,258.1,0.568,-1,-1,-1
120,8,0.4,381.0,84.8,258.7,0.409,-1,-1,-1
121,5,306.5,383.7,112.4,263.6,0.771,-1,-1,-1
121,1,101.4,382.9,84.9,253.8,0.679,-1,-1,-1
121,4,183.7,380.7,105.5,290.7,0.649,-1,-1,-1
121,2,1143.5,378.8,88.2,260.1,0.596,-1,-1,-1
121,9,51.4,394.7,61.2,205.1,0.281,-1,-1,-1
122,5,306.7,383.6,112.1,263.6,0.770,-1,-1,-1
122,1,101.3,382.9,85.0,253.8,0.679,-1,-1,-1
122,4,183.7,380.7,105.5,290.7,0.651,-1,-1,-1
122,2,1143.5,378.8,88.2,260.3,0.597,-1,-1,-1
122,9,51.3,394.7,61.2,205.1,0.283,-1,-1,-1
123,5,306.7,383.5,112.1,263.7,0.769,-1,-1,-1
123,1,101.2,382.9,85.2,253.8,0.685,-1,-1,-1
123,4,183.8,380.7,105.4,290.7,0.651,-1,-1,-1
123,2,1143.5,378.9,88.1,260.4,0.592,-1,-1,-1
123,9,51.3,394.7,61.2,205.1,0.288,-1,-1,-1
124,5,306.7,383.5,112.1,263.7,0.770,-1,-1,-1
124,1,101.2,382.9,84.8,253.6,0.692,-1,-1,-1
124,4,183.8,380.7,105.9,290.8,0.654,-1,-1,-1
124,2,1143.5,378.8,88.1,260.7,0.593,-1,-1,-1
124,9,51.2,394.7,61.3,205.1,0.281,-1,-1,-1
125,5,309.1,384.6,109.9,262.8,0.789,-1,-1,-1
125,4,176.6,383.1,119.8,280.7,0.758,-1,-1,-1
125,1,93.7,382.4,91.7,252.1,0.753,-1,-1,-1
125,8,0.3,385.4,97.4,252.1,0.412,-1,-1,-1
126,5,309.1,384.6,109.8,262.8,0.790,-1,-1,-1
126,4,176.6,383.1,119.9,280.5,0.756,-1,-1,-1
126,1,93.4,382.3,92.0,252.2,0.752,-1,-1,-1
126,2,1147.1,379.1,83.0,261.8,0.448,-1,-1,-1
126,8,0.3,384.8,96.7,252.8,0.410,-1,-1,-1
127,5,309.1,384.7,109.9,262.8,0.791,-1,-1,-1
127,4,176.5,383.1,119.9,280.6,0.756,-1,-1,-1
127,1,93.4,382.3,92.1,252.4,0.754,-1,-1,-1
127,2,1143.2,378.8,87.0,257.9,0.598,-1,-1,-1
127,8,0.3,384.9,96.3,252.7,0.409,-1,-1,-1
128,5,309.1,384.6,109.9,262.8,0.790,-1,-1,-1
128,1,93.4,382.1,92.1,252.6,0.756,-1,-1,-1
128,4,176.6,383.1,119.9,280.8,0.754,-1,-1,-1
128,2,1143.4,378.9,86.6,257.4,0.601,-1,-1,-1
128,8,0.3,383.7,95.3,253.9,0.424,-1,-1,-1
129,1,82.8,382.6,101.7,250.2,0.775,-1,-1,-1
129,5,306.7,383.1,112.5,262.8,0.758,-1,-1,-1
129,2,1140.7,377.7,92.8,259.1,0.696,-1,-1,-1
129,4,177.3,382.1,113.7,284.5,0.683,-1,-1,-1
130,1,82.6,382.7,101.8,250.1,0.775,-1,-1,-1
130,5,306.7,383.1,112.4,262.7,0.756,-1,-1,-1
130,2,1140.9,377.6,92.6,258.3,0.699,-1,-1,-1
130,4,177.3,382.1,113.8,284.0,0.684,-1,-1,-1
131,1,82.4,382.8,102.0,250.1,0.773,-1,-1,-1
131,5,306.7,383.1,112.4,262.7,0.757,-1,-1,-1
131,2,1141.3,377.5,91.9,257.4,0.707,-1,-1,-1
131,4,177.2,382.1,113.9,284.0,0.684,-1,-1,-1
132,1,82.5,382.8,101.8,250.0,0.773,-1,-1,-1
132,5,306.7,383.1,112.4,262.6,0.756,-1,-1,-1
132,2,1141.0,377.5,92.3,257.8,0.705,-1,-1,-1
132,4,177.1,382.1,114.0,284.5,0.684,-1,-1,-1
133,5,309.1,387.4,110.1,259.1,0.781,-1,-1,-1
133,2,1146.1,377.1,87.7,257.1,0.760,-1,-1,-1
133,1,84.7,382.0,99.6,250.8,0.697,-1,-1,-1
133,4,174.6,382.3,116.7,276.8,0.693,-1,-1,-1
133,8,9.4,394.1,110.3,241.0,0.383,-1,-1,-1
134,5,309.1,387.4,110.2,259.1,0.780,-1,-1,-1
134,2,1146.2,377.1,87.6,257.1,0.761,-1,-1,-1
134,1,84.8,382.0,99.5,250.8,0.696,-1,-1,-1
134,4,174.6,382.3,116.7,276.8,0.693,-1,-1,-1
134,8,9.2,394.2,110.4,241.0,0.388,-1,-1,-1
135,5,309.1,387.4,110.2,259.1,0.780,-1,-1,-1
135,2,1146.3,377.1,87.6,257.2,0.760,-1,-1,-1
135,1,84.4,382.0,99.9,250.7,0.699,-1,-1,-1
135,4,174.6,382.3,116.6,276.8,0.693,-1,-1,-1
135,8,9.1,394.2,110.5,241.0,0.384,-1,-1,-1
136,5,309.1,387.4,110.4,259.1,0.776,-1,-1,-1
136,2,1146.6,377.1,87.3,257.4,0.765,-1,-1,-1
136,1,84.6,382.0,99.6,250.8,0.698,-1,-1,-1
136,4,174.6,382.3,116.6,276.8,0.692,-1,-1,-1
136,8,9.2,394.2,110.4,240.8,0.382,-1,-1,-1
137,5,307.7,388.5,110.8,257.6,0.778,-1,-1,-1
137,2,1148.5,377.4,86.6,260.9,0.726,-1,-1,-1
137,4,173.7,382.1,128.3,279.0,0.718,-1,-1,-1
137,1,82.9,381.8,102.8,257.1,0.639,-1,-1,-1
137,8,2.7,399.4,118.7,262.9,0.304,-1,-1,-1
138,5,307.7,388.5,110.9,257.7,0.777,-1,-1,-1
138,2,1148.4,377.4,86.7,260.8,0.725,-1,-1,-1
138,4,173.7,382.0,128.2,279.0,0.719,-1,-1,-1
138,1,82.7,381.7,103.0,257.2,0.638,-1,-1,-1
138,8,2.7,399.4,118.7,262.9,0.302,-1,-1,-1
139,5,307.5,388.4,111.0,257.7,0.779,-1,-1,-1
139,2,1148.4,377.4,86.7,261.2,0.727,-1,-1,-1
139,4,173.7,382.0,128.1,278.9,0.717,-1,-1,-1
139,1,82.4,381.6,103.3,257.2,0.635,-1,-1,-1
139,8,2.7,398.8,120.8,256.4,0.292,-1,-1,-1
140,5,307.6,388.4,110.9,257.8,0.778,-1,-1,-1
140,2,1148.4,377.4,86.7,260.8,0.725,-1,-1,-1
140,4,173.9,382.0,128.3,278.7,0.717,-1,-1,-1
140,1,82.2,381.7,103.5,257.0,0.633,-1,-1,-1
140,8,2.4,398.8,121.2,257.0,0.290,-1,-1,-1
141,4,163.2,384.4,132.4,273.0,0.807,-1,-1,-1
141,5,307.2,388.7,109.6,256.7,0.787,-1,-1,-1
141,2,1151.8,378.6,83.6,253.7,0.774,-1,-1,-1
141,1,84.4,382.3,99.0,255.3,0.547,-1,-1,-1
142,4,163.0,384.4,132.6,273.1,0.804,-1,-1,-1
142,5,307.2,388.7,109.6,256.7,0.783,-1,-1,-1
142,2,1151.8,378.6,83.6,253.7,0.773,-1,-1,-1
142,1,84.4,382.3,99.0,255.4,0.546,-1,-1,-1
143,4,163.2,384.5,132.3,272.9,0.809,-1,-1,-1
143,5,307.2,388.7,109.5,256.7,0.783,-1,-1,-1
143,2,1151.8,378.6,83.6,253.7,0.774,-1,-1,-1
143,1,83.9,382.5,99.4,255.3,0.551,-1,-1,-1
144,4,162.9,384.4,132.6,272.9,0.807,-1,-1,-1
144,5,307.3,388.6,109.4,256.8,0.784,-1,-1,-1
144,2,1151.8,378.8,83.6,253.3,0.772,-1,-1,-1
144,1,83.9,382.5,99.6,255.5,0.537,-1,-1,-1
145,4,165.3,384.8,121.7,275.7,0.813,-1,-1,-1
145,5,308.4,388.8,107.0,256.8,0.809,-1,-1,-1
145,2,1147.6,378.4,93.5,264.8,0.800,-1,-1,-1
145,1,78.2,381.8,101.2,256.5,0.308,-1,-1,-1
146,4,165.4,384.8,121.5,275.8,0.813,-1,-1,-1
146,5,308.5,388.8,106.9,256.8,0.809,-1,-1,-1
146,2,1147.8,378.3,93.2,265.0,0.800,-1,-1,-1
146,1,78.3,381.7,101.0,256.6,0.304,-1,-1,-1
147,4,165.4,384.8,121.2,275.8,0.814,-1,-1,-1
147,5,308.5,388.8,106.9,256.8,0.809,-1,-1,-1
147,2,1147.7,378.3,93.4,265.4,0.802,-1,-1,-1
147,1,78.1,381.8,101.3,256.6,0.308,-1,-1,-1
148,4,165.6,384.7,121.0,275.9,0.816,-1,-1,-1
148,5,308.5,388.7,106.9,256.9,0.812,-1,-1,-1
148,2,1148.0,378.3,93.2,265.1,0.802,-1,-1,-1
148,1,78.4,381.6,100.9,256.3,0.314,-1,-1,-1
149,5,308.8,388.2,106.2,258.4,0.851,-1,-1,-1
149,2,1143.9,378.5,100.2,259.5,0.822,-1,-1,-1
149,4,163.7,383.8,112.5,275.8,0.654,-1,-1,-1
150,5,308.8,388.2,106.3,258.4,0.851,-1,-1,-1
150,2,1144.4,378.5,99.7,259.3,0.822,-1,-1,-1
150,4,163.4,383.8,112.6,275.8,0.659,-1,-1,-1
151,5,308.8,388.2,106.3,258.4,0.851,-1,-1,-1
151,2,1144.0,378.5,100.1,259.4,0.821,-1,-1,-1
151,4,162.9,383.7,113.1,276.0,0.666,-1,-1,-1
152,5,308.8,388.2,106.3,258.4,0.851,-1,-1,-1
152,2,1144.5,378.6,99.7,259.4,0.821,-1,-1,-1
152,4,163.2,383.8,112.9,275.9,0.655,-1,-1,-1
153,5,310.2,387.3,108.9,260.1,0.846,-1,-1,-1
153,2,1150.7,377.1,99.2,266.3,0.816,-1,-1,-1
153,4,168.4,380.1,83.7,276.8,0.309,-1,-1,-1
154,5,310.2,387.2,108.8,260.2,0.845,-1,-1,-1
154,2,1150.5,377.2,99.3,266.3,0.818,-1,-1,-1
154,4,168.5,380.2,83.5,276.3,0.304,-1,-1,-1
155,5,310.4,387.2,108.7,260.2,0.844,-1,-1,-1
155,2,1150.0,377.0,99.9,266.9,0.822,-1,-1,-1
155,8,241.7,400.5,78.3,211.1,0.359,-1,-1,-1
155,4,168.5,380.2,83.4,275.8,0.299,-1,-1,-1
156,5,310.3,387.3,108.8,260.2,0.845,-1,-1,-1
156,2,1150.6,377.3,99.3,266.2,0.818,-1,-1,-1
156,8,241.7,400.5,78.3,210.8,0.357,-1,-1,-1
156,4,168.6,380.1,83.3,275.8,0.289,-1,-1,-1
157,5,310.6,386.1,110.9,262.3,0.841,-1,-1,-1
157,2,1150.1,378.2,102.5,262.0,0.791,-1,-1,-1
157,4,163.2,378.9,89.9,285.2,0.539,-1,-1,-1
157,8,243.0,401.5,77.1,210.8,0.503,-1,-1,-1
158,5,310.6,386.2,110.6,261.7,0.838,-1,-1,-1
158,2,1150.3,378.2,102.3,261.9,0.787,-1,-1,-1
158,4,162.0,379.7,90.4,288.5,0.536,-1,-1,-1
158,8,242.8,401.5,77.2,210.4,0.477,-1,-1,-1
159,5,307.5,382.6,112.8,261.9,0.839,-1,-1,-1
159,2,1150.4,378.2,102.4,262.1,0.785,-1,-1,-1
159,4,163.1,378.7,90.1,285.5,0.542,-1,-1,-1
159,8,242.8,401.6,77.3,210.5,0.469,-1,-1,-1
160,5,307.6,382.5,112.7,262.0,0.840,-1,-1,-1
160,2,1150.2,378.2,102.6,262.2,0.784,-1,-1,-1
160,4,162.9,378.8,90.3,285.5,0.542,-1,-1,-1
160,8,242.6,401.6,77.5,210.6,0.476,-1,-1,-1
161,5,308.8,381.2,112.4,263.7,0.865,-1,-1,-1
161,2,1149.9,379.1,104.5,264.0,0.789,-1,-1,-1
161,8,248.7,399.6,73.7,211.9,0.596,-1,-1,-1
161,4,139.9,376.9,115.7,284.9,0.579,-1,-1,-1
162,5,308.7,381.2,112.4,263.7,0.865,-1,-1,-1
162,2,1149.9,379.0,104.4,264.2,0.791,-1,-1,-1
162,8,248.5,399.5,73.9,212.1,0.592,-1,-1,-1
162,4,138.9,376.8,116.7,285.8,0.579,-1,-1,-1
163,5,308.7,381.2,112.4,263.7,0.866,-1,-1,-1
163,2,1150.0,379.0,104.3,264.0,0.789,-1,-1,-1
163,8,248.8,399.6,73.6,212.1,0.598,-1,-1,-1
163,4,139.9,376.8,115.8,285.8,0.575,-1,-1,-1
164,5,308.7,381.2,112.5,263.7,0.866,-1,-1,-1
164,2,1150.0,379.1,104.4,263.9,0.791,-1,-1,-1
164,8,248.8,399.6,73.6,212.0,0.595,-1,-1,-1
164,4,140.1,376.7,115.5,285.9,0.575,-1,-1,-1
165,5,309.2,383.3,115.1,263.3,0.852,-1,-1,-1
165,4,149.7,378.8,104.1,282.3,0.777,-1,-1,-1
165,2,1152.2,378.1,104.4,267.2,0.770,-1,-1,-1
165,8,249.4,399.4,72.3,207.3,0.437,-1,-1,-1
165,1,54.4,381.1,112.1,266.4,0.291,-1,-1,-1
166,5,305.0,380.1,118.2,263.6,0.852,-1,-1,-1
166,4,149.7,378.8,104.1,282.4,0.784,-1,-1,-1
166,2,1152.2,378.1,104.5,267.5,0.767,-1,-1,-1
166,8,249.3,399.4,72.4,207.5,0.438,-1,-1,-1
166,1,54.8,381.2,111.3,266.1,0.305,-1,-1,-1
167,5,305.2,380.1,118.0,263.6,0.852,-1,-1,-1
167,4,149.6,378.8,104.2,282.3,0.784,-1,-1,-1
167,2,1152.2,378.1,104.5,267.6,0.765,-1,-1,-1
167,8,249.4,399.4,72.4,207.7,0.445,-1,-1,-1
167,1,55.6,381.2,110.4,266.1,0.306,-1,-1,-1
168,5,305.1,380.1,118.0,263.6,0.853,-1,-1,-1
168,4,149.8,378.8,104.1,282.2,0.789,-1,-1,-1
168,2,1152.2,378.1,104.5,267.7,0.766,-1,-1,-1
168,8,249.3,399.4,72.6,207.7,0.450,-1,-1,-1
168,1,56.3,381.3,109.2,265.6,0.329,-1,-1,-1
169,5,308.6,380.0,115.9,265.1,0.815,-1,-1,-1
169,4,149.3,382.2,101.9,272.5,0.771,-1,-1,-1
169,2,1148.3,378.2,108.4,270.5,0.769,-1,-1,-1
169,1,71.0,377.8,101.6,262.3,0.677,-1,-1,-1
169,8,252.3,398.8,73.2,210.7,0.499,-1,-1,-1
170,5,308.5,380.1,116.1,265.0,0.816,-1,-1,-1
170,4,149.3,382.2,101.8,272.5,0.772,-1,-1,-1
170,2,1148.0,378.2,108.7,270.7,0.767,-1,-1,-1
170,1,71.0,377.7,101.6,262.4,0.680,-1,-1,-1
170,8,252.3,398.8,73.1,210.8,0.500,-1,-1,-1
171,5,308.5,380.1,116.2,265.1,0.814,-1,-1,-1
171,4,155.6,380.3,96.2,274.5,0.772,-1,-1,-1
171,2,1148.1,378.2,108.5,270.7,0.769,-1,-1,-1
171,1,70.8,377.8,101.7,262.4,0.682,-1,-1,-1
171,8,252.2,398.8,73.0,210.9,0.491,-1,-1,-1
172,5,308.7,380.1,115.6,265.3,0.810,-1,-1,-1
172,4,149.1,382.2,102.1,272.6,0.775,-1,-1,-1
172,2,1148.3,378.2,108.3,270.4,0.770,-1,-1,-1
172,1,70.6,377.9,102.0,262.7,0.683,-1,-1,-1
172,8,252.2,398.8,73.0,210.7,0.495,-1,-1,-1
173,2,1159.7,380.7,97.8,268.1,0.801,-1,-1,-1
173,5,310.4,381.1,115.1,264.1,0.789,-1,-1,-1
173,1,75.5,378.4,116.3,271.1,0.648,-1,-1,-1
173,8,255.4,398.0,72.5,211.1,0.614,-1,-1,-1
173,4,147.5,382.4,101.3,269.6,0.482,-1,-1,-1
174,2,1159.5,380.7,97.9,268.1,0.800,-1,-1,-1
174,5,310.5,381.1,114.8,264.2,0.788,-1,-1,-1
174,1,75.5,378.5,116.4,270.8,0.644,-1,-1,-1
174,8,255.5,398.0,72.3,210.8,0.611,-1,-1,-1
174,4,147.2,382.4,101.6,269.4,0.478,-1,-1,-1
175,2,1159.2,380.7,98.2,268.2,0.797,-1,-1,-1
175,5,310.5,381.2,114.9,264.1,0.789,-1,-1,-1
175,1,75.5,378.5,116.4,270.7,0.643,-1,-1,-1
175,8,255.6,398.0,72.1,210.6,0.609,-1,-1,-1
175,4,147.0,382.4,101.7,269.3,0.482,-1,-1,-1
176,2,1159.4,380.7,98.1,268.1,0.799,-1,-1,-1
176,5,310.5,381.2,114.9,264.1,0.786,-1,-1,-1
176,1,75.4,378.5,116.5,270.5,0.650,-1,-1,-1
176,8,255.5,398.1,72.1,210.7,0.610,-1,-1,-1
176,4,147.4,382.4,101.3,269.0,0.484,-1,-1,-1
177,5,311.7,381.4,116.3,263.0,0.811,-1,-1,-1
177,2,1168.9,380.5,89.5,270.1,0.790,-1,-1,-1
177,8,256.1,398.3,72.4,211.3,0.619,-1,-1,-1
177,4,141.0,381.5,105.5,271.1,0.483,-1,-1,-1
177,1,77.1,378.4,124.8,267.8,0.475,-1,-1,-1
178,5,311.7,381.4,116.7,263.0,0.814,-1,-1,-1
178,2,1168.9,380.4,89.5,270.2,0.790,-1,-1,-1
178,4,104.7,381.5,138.6,277.9,0.673,-1,-1,-1
178,8,256.1,398.2,72.5,211.3,0.620,-1,-1,-1
178,1,77.0,378.3,121.8,267.6,0.481,-1,-1,-1
179,5,311.7,381.4,116.9,262.9,0.815,-1,-1,-1
179,2,1168.9,380.3,89.5,270.4,0.790,-1,-1,-1
179,4,103.0,381.4,140.3,277.9,0.671,-1,-1,-1
179,8,256.0,398.2,72.5,211.4,0.617,-1,-1,-1
179,1,77.0,378.1,122.9,267.9,0.477,-1,-1,-1
180,5,311.7,381.4,117.1,262.9,0.815,-1,-1,-1
180,2,1169.1,380.2,89.3,270.1,0.791,-1,-1,-1
180,4,104.0,381.3,139.4,278.2,0.674,-1,-1,-1
180,8,256.1,398.2,72.5,211.3,0.621,-1,-1,-1
180,1,77.0,378.1,122.3,267.9,0.481,-1,-1,-1
181,5,314.1,382.3,114.8,270.7,0.827,-1,-1,-1
181,2,1168.3,379.6,90.6,270.0,0.750,-1,-1,-1
181,8,258.2,396.7,71.7,211.5,0.507,-1,-1,-1
181,1,75.9,378.3,106.3,266.5,0.479,-1,-1,-1
181,4,86.7,379.1,157.0,284.0,0.308,-1,-1,-1
182,5,314.2,382.3,114.9,270.5,0.829,-1,-1,-1
182,2,1168.0,379.6,90.9,269.9,0.749,-1,-1,-1
182,8,258.2,396.7,71.6,211.4,0.499,-1,-1,-1
182,1,75.9,378.3,106.3,266.4,0.482,-1,-1,-1
182,4,86.4,379.1,157.3,283.9,0.308,-1,-1,-1
183,5,314.3,382.3,114.7,270.5,0.827,-1,-1,-1
183,2,1168.0,379.6,90.8,269.9,0.750,-1,-1,-1
183,8,258.1,396.7,71.8,212.1,0.497,-1,-1,-1
183,1,75.9,378.3,106.3,266.5,0.480,-1,-1,-1
183,4,86.2,379.1,157.5,283.9,0.308,-1,-1,-1
184,5,312.0,382.8,119.3,270.3,0.826,-1,-1,-1
184,2,1168.4,379.6,90.5,269.6,0.751,-1,-1,-1
184,8,257.9,396.7,72.0,212.4,0.503,-1,-1,-1
184,1,76.6,380.0,98.4,264.8,0.481,-1,-1,-1
184,4,85.8,379.1,157.9,284.0,0.318,-1,-1,-1
185,5,314.6,382.5,113.0,270.6,0.813,-1,-1,-1
185,2,1174.3,377.1,85.6,266.9,0.736,-1,-1,-1
185,8,260.6,396.5,74.9,209.4,0.679,-1,-1,-1
185,1,79.7,377.6,103.3,271.5,0.556,-1,-1,-1
186,5,314.6,382.5,113.0,270.9,0.812,-1,-1,-1
186,2,1174.0,377.1,85.9,266.9,0.734,-1,-1,-1
186,8,260.5,396.5,75.2,209.8,0.679,-1,-1,-1
186,1,79.6,377.5,102.5,271.6,0.559,-1,-1,-1
187,5,312.9,382.0,116.0,269.3,0.813,-1,-1,-1
187,2,1174.1,377.0,85.8,267.0,0.733,-1,-1,-1
187,8,260.2,396.5,75.5,210.1,0.683,-1,-1,-1
187,1,79.7,377.5,102.1,272.9,0.559,-1,-1,-1
188,5,313.0,382.0,115.9,268.4,0.814,-1,-1,-1
188,2,1174.3,377.0,85.6,267.5,0.732,-1,-1,-1
188,8,260.3,396.5,75.5,209.9,0.687,-1,-1,-1
188,1,79.9,377.5,102.1,272.7,0.567,-1,-1,-1
189,5,316.3,382.9,108.2,267.9,0.820,-1,-1,-1
189,2,1182.7,372.9,80.0,266.7,0.723,-1,-1,-1
189,4,83.8,381.4,160.5,261.3,0.664,-1,-1,-1
189,8,267.6,397.6,69.5,210.1,0.663,-1,-1,-1
190,5,316.3,382.9,108.1,268.0,0.821,-1,-1,-1
190,2,1182.8,373.0,79.9,266.6,0.720,-1,-1,-1
190,4,83.9,381.5,160.3,261.2,0.668,-1,-1,-1
190,8,267.6,397.5,69.5,210.2,0.662,-1,-1,-1
191,5,316.3,382.8,108.1,268.3,0.821,-1,-1,-1
191,2,1182.8,373.0,79.9,266.5,0.719,-1,-1,-1
191,4,83.9,381.5,160.4,261.1,0.664,-1,-1,-1
191,8,267.6,397.6,69.5,210.2,0.662,-1,-1,-1
192,5,316.2,382.9,107.8,267.9,0.819,-1,-1,-1
192,2,1182.8,373.0,80.0,266.4,0.711,-1,-1,-1
192,4,83.9,381.4,160.4,261.2,0.665,-1,-1,-1
192,8,267.6,397.5,69.4,210.1,0.664,-1,-1,-1
193,5,314.8,382.2,109.1,264.6,0.784,-1,-1,-1
193,2,1190.1,373.9,76.4,267.1,0.702,-1,-1,-1
193,8,270.3,397.7,70.3,212.5,0.662,-1,-1,-1
193,4,84.4,382.0,157.3,267.5,0.639,-1,-1,-1
194,5,314.9,382.2,109.1,264.9,0.781,-1,-1,-1
194,2,1190.4,373.9,76.1,266.8,0.703,-1,-1,-1
194,8,270.3,397.7,70.3,212.4,0.663,-1,-1,-1
194,4,84.2,381.9,157.4,266.6,0.641,-1,-1,-1
195,5,315.1,382.2,109.0,264.8,0.786,-1,-1,-1
195,2,1190.3,373.9,76.1,266.9,0.702,-1,-1,-1
195,8,270.3,397.7,70.4,213.0,0.666,-1,-1,-1
195,4,84.0,382.0,157.9,266.1,0.643,-1,-1,-1
196,5,315.2,382.3,108.3,264.8,0.783,-1,-1,-1
196,2,1190.3,374.0,76.0,266.4,0.705,-1,-1,-1
196,8,270.2,397.6,70.4,213.3,0.667,-1,-1,-1
196,4,84.3,382.0,157.6,266.9,0.643,-1,-1,-1
197,2,1191.0,371.1,82.6,271.8,0.744,-1,-1,-1
197,5,326.1,382.7,98.9,266.8,0.741,-1,-1,-1
197,8,268.0,397.8,77.0,228.9,0.738,-1,-1,-1
197,4,82.6,381.8,178.4,273.4,0.606,-1,-1,-1
198,5,326.1,382.6,98.9,266.8,0.742,-1,-1,-1
198,2,1191.0,371.0,82.8,271.8,0.740,-1,-1,-1
198,8,268.0,397.8,77.0,228.9,0.739,-1,-1,-1
198,4,82.7,381.7,177.3,274.1,0.607,-1,-1,-1
199,5,326.0,382.5,99.2,267.9,0.740,-1,-1,-1
199,8,267.9,397.8,77.1,229.3,0.740,-1,-1,-1
199,2,1191.7,371.0,82.2,271.9,0.734,-1,-1,-1
199,4,82.7,381.6,176.1,274.2,0.603,-1,-1,-1
200,8,267.8,397.8,77.2,229.2,0.739,-1,-1,-1
200,2,1192.6,371.1,81.5,271.9,0.737,-1,-1,-1
200,5,325.7,382.5,99.5,270.1,0.737,-1,-1,-1
200,4,82.5,381.6,176.2,273.3,0.605,-1,-1,-1
201,2,1189.1,374.7,88.8,272.9,0.776,-1,-1,-1
201,5,325.9,382.7,99.8,266.8,0.748,-1,-1,-1
201,8,268.6,399.3,82.0,232.5,0.694,-1,-1,-1
201,4,82.3,379.9,157.5,274.6,0.505,-1,-1,-1
201,1,82.9,378.4,103.3,269.6,0.380,-1,-1,-1
202,2,1188.9,374.7,89.0,272.6,0.775,-1,-1,-1
202,5,325.9,382.8,99.4,267.0,0.744,-1,-1,-1
202,8,268.2,399.3,82.3,232.6,0.685,-1,-1,-1
202,4,83.5,378.2,143.4,285.6,0.499,-1,-1,-1
202,1,83.1,378.3,103.0,269.7,0.364,-1,-1,-1
203,2,1189.1,374.7,88.8,272.3,0.771,-1,-1,-1
203,5,325.9,382.8,99.3,266.9,0.742,-1,-1,-1
203,8,268.3,399.3,82.3,232.7,0.680,-1,-1,-1
203,4,83.7,378.2,144.8,286.3,0.507,-1,-1,-1
203,1,83.2,378.2,103.2,270.2,0.340,-1,-1,-1
204,2,1188.8,374.6,89.1,271.9,0.770,-1,-1,-1
204,5,325.8,382.8,99.1,266.8,0.739,-1,-1,-1
204,8,268.2,399.3,82.3,232.6,0.679,-1,-1,-1
204,4,83.8,378.2,143.4,286.6,0.509,-1,-1,-1
204,1,83.3,378.2,102.8,270.3,0.376,-1,-1,-1
205,5,325.9,382.5,99.4,271.8,0.754,-1,-1,-1
205,2,1196.4,374.3,89.9,268.5,0.729,-1,-1,-1
205,4,85.9,378.4,133.7,283.1,0.538,-1,-1,-1
205,1,85.9,379.2,94.5,269.1,0.470,-1,-1,-1
205,8,254.1,391.8,97.4,255.1,0.347,-1,-1,-1
206,5,325.8,382.5,99.4,272.0,0.755,-1,-1,-1
206,2,1196.4,374.3,90.0,268.6,0.729,-1,-1,-1
206,4,85.7,378.3,134.2,282.7,0.540,-1,-1,-1
206,7,210.5,395.8,116.9,250.3,0.496,-1,-1,-1
206,1,85.7,379.3,94.7,268.4,0.472,-1,-1,-1
206,8,253.5,391.8,97.9,255.2,0.351,-1,-1,-1
207,5,325.9,382.5,99.1,271.5,0.755,-1,-1,-1
207,2,1196.4,374.3,90.0,268.3,0.728,-1,-1,-1
207,4,85.8,378.3,131.3,282.4,0.539,-1,-1,-1
207,7,211.0,395.7,116.0,250.2,0.500,-1,-1,-1
207,1,85.7,379.2,94.6,268.2,0.484,-1,-1,-1
207,8,252.9,391.8,98.4,254.8,0.355,-1,-1,-1
208,5,325.9,382.5,99.1,271.6,0.755,-1,-1,-1
208,2,1196.4,374.2,90.1,268.1,0.725,-1,-1,-1
208,4,85.6,378.3,132.3,282.4,0.539,-1,-1,-1
208,7,211.4,395.7,115.4,250.1,0.504,-1,-1,-1
208,1,85.6,379.2,94.6,268.3,0.487,-1,-1,-1
208,8,252.4,391.9,98.9,254.8,0.359,-1,-1,-1
209,2,1199.4,373.9,94.2,279.6,0.747,-1,-1,-1
209,5,336.1,383.0,91.4,268.5,0.725,-1,-1,-1
209,4,88.0,378.5,145.3,282.7,0.622,-1,-1,-1
209,7,196.5,398.9,117.4,246.3,0.577,-1,-1,-1
209,8,258.1,393.2,104.1,255.7,0.308,-1,-1,-1
210,2,1199.7,373.9,93.9,279.5,0.746,-1,-1,-1
210,5,335.9,383.0,91.7,268.8,0.727,-1,-1,-1
210,4,88.0,378.5,145.4,282.8,0.620,-1,-1,-1
210,7,196.9,398.9,117.8,246.2,0.585,-1,-1,-1
210,8,257.1,393.3,105.4,255.8,0.309,-1,-1,-1
211,2,1199.4,373.8,94.3,279.5,0.749,-1,-1,-1
211,5,335.9,383.0,91.8,269.0,0.728,-1,-1,-1
211,4,87.8,378.6,145.8,282.8,0.619,-1,-1,-1
211,7,197.3,398.9,117.9,246.1,0.588,-1,-1,-1
211,8,256.8,393.3,105.5,255.7,0.321,-1,-1,-1
212,2,1199.4,373.8,94.3,279.5,0.751,-1,-1,-1
212,5,335.9,383.1,91.6,267.9,0.725,-1,-1,-1
212,4,88.0,378.5,145.5,282.5,0.631,-1,-1,-1
212,7,197.1,398.9,117.1,246.1,0.581,-1,-1,-1
212,8,257.8,393.3,103.9,255.1,0.323,-1,-1,-1
213,2,1199.8,374.1,99.8,284.6,0.750,-1,-1,-1
213,5,340.4,382.4,88.5,262.0,0.691,-1,-1,-1
213,4,89.1,377.7,146.4,274.7,0.689,-1,-1,-1
213,8,254.4,393.6,108.3,249.6,0.516,-1,-1,-1
213,7,218.3,397.9,121.0,245.2,0.323,-1,-1,-1
214,2,1199.8,374.1,99.8,284.2,0.751,-1,-1,-1
214,5,341.1,382.3,87.9,261.8,0.694,-1,-1,-1
214,4,89.1,377.6,146.4,274.5,0.688,-1,-1,-1
214,8,254.4,393.6,107.7,249.5,0.517,-1,-1,-1
214,7,218.2,398.0,121.5,245.2,0.325,-1,-1,-1
215,2,1199.7,374.1,99.8,284.1,0.750,-1,-1,-1
215,5,341.7,382.3,87.3,261.8,0.698,-1,-1,-1
215,4,89.0,377.6,146.5,274.5,0.690,-1,-1,-1
215,8,254.6,393.7,106.8,249.4,0.525,-1,-1,-1
215,7,218.2,398.0,122.0,245.3,0.330,-1,-1,-1
216,2,1199.8,374.1,99.8,283.9,0.750,-1,-1,-1
216,5,341.6,382.3,87.3,261.8,0.699,-1,-1,-1
216,4,89.1,377.6,146.3,274.3,0.690,-1,-1,-1
216,8,254.6,393.6,106.8,249.5,0.527,-1,-1,-1
216,7,217.5,397.9,122.6,245.4,0.329,-1,-1,-1
217,2,1200.9,373.8,104.1,276.4,0.767,-1,-1,-1
217,4,94.2,376.6,137.9,274.7,0.721,-1,-1,-1
217,5,344.7,384.5,87.7,259.2,0.664,-1,-1,-1
217,8,249.9,392.7,118.1,246.2,0.645,-1,-1,-1
218,2,1200.9,373.9,104.1,276.6,0.766,-1,-1,-1
218,4,94.0,376.6,138.1,274.9,0.724,-1,-1,-1
218,5,344.7,384.4,87.8,259.4,0.667,-1,-1,-1
218,8,250.1,392.6,117.8,246.2,0.645,-1,-1,-1
219,2,1200.9,373.9,104.1,276.5,0.767,-1,-1,-1
219,4,94.0,376.6,138.2,274.5,0.728,-1,-1,-1
219,5,344.6,384.5,87.9,259.1,0.672,-1,-1,-1
219,8,249.9,392.7,117.9,246.2,0.650,-1,-1,-1
220,2,1200.9,373.8,104.1,276.7,0.765,-1,-1,-1
220,4,94.4,376.6,137.9,274.4,0.725,-1,-1,-1
220,5,344.7,384.5,87.9,259.1,0.670,-1,-1,-1
220,8,249.8,392.6,118.2,246.3,0.635,-1,-1,-1
221,2,1201.3,374.1,107.7,275.6,0.768,-1,-1,-1
221,4,97.6,376.8,133.9,274.6,0.712,-1,-1,-1
221,5,352.4,383.9,81.8,258.4,0.700,-1,-1,-1
221,8,250.6,391.3,118.7,246.1,0.645,-1,-1,-1
222,2,1201.3,374.2,107.6,275.5,0.769,-1,-1,-1
222,4,97.3,376.8,134.2,274.8,0.711,-1,-1,-1
222,5,352.5,383.9,81.7,258.6,0.704,-1,-1,-1
222,8,250.6,391.5,118.4,246.2,0.652,-1,-1,-1
223,2,1201.2,374.1,107.7,275.7,0.768,-1,-1,-1
223,4,97.7,376.8,133.9,273.3,0.710,-1,-1,-1
223,5,345.5,385.5,89.6,254.4,0.708,-1,-1,-1
223,8,250.1,391.5,119.0,246.2,0.650,-1,-1,-1
224,2,1201.2,374.1,107.7,275.7,0.766,-1,-1,-1
224,4,96.8,376.7,134.8,273.5,0.713,-1,-1,-1
224,5,352.6,383.9,81.5,258.3,0.698,-1,-1,-1
224,8,250.0,391.3,119.8,246.3,0.643,-1,-1,-1
225,2,1200.4,376.3,108.5,274.4,0.789,-1,-1,-1
225,8,254.0,390.2,115.7,263.8,0.779,-1,-1,-1
225,5,358.3,383.3,78.5,262.5,0.711,-1,-1,-1
225,4,96.6,377.5,132.7,291.8,0.667,-1,-1,-1
226,2,1202.7,370.0,104.5,282.9,0.786,-1,-1,-1
226,8,253.9,390.2,115.8,264.1,0.776,-1,-1,-1
226,5,358.2,383.3,78.6,262.7,0.712,-1,-1,-1
226,4,95.7,377.6,133.6,291.8,0.665,-1,-1,-1
227,8,253.9,390.2,115.7,263.2,0.788,-1,-1,-1
227,2,1202.8,370.0,104.4,283.0,0.785,-1,-1,-1
227,5,358.3,384.3,79.4,262.5,0.737,-1,-1,-1
227,4,95.8,377.6,133.5,291.8,0.662,-1,-1,-1
227,3,922.2,373.1,100.4,292.1,0.388,-1,-1,-1
228,2,1202.7,370.0,104.5,283.1,0.785,-1,-1,-1
228,8,253.0,390.2,116.5,264.4,0.777,-1,-1,-1
228,5,358.2,384.3,79.4,262.2,0.734,-1,-1,-1
228,4,95.5,377.6,133.7,291.7,0.655,-1,-1,-1
229,2,1202.2,375.6,107.7,275.3,0.883,-1,-1,-1
229,5,357.1,383.6,84.9,260.1,0.758,-1,-1,-1
229,3,924.0,374.0,93.1,288.9,0.741,-1,-1,-1
229,8,267.1,386.9,106.6,255.8,0.727,-1,-1,-1
230,2,1202.2,375.6,107.7,275.3,0.884,-1,-1,-1
230,5,357.0,383.7,85.0,260.3,0.758,-1,-1,-1
230,3,924.2,374.0,92.9,288.6,0.741,-1,-1,-1
230,8,267.1,386.9,106.5,255.8,0.724,-1,-1,-1
231,2,1202.1,375.5,107.8,275.4,0.884,-1,-1,-1
231,5,356.7,383.7,85.2,260.2,0.755,-1,-1,-1
231,3,924.7,374.4,94.1,286.0,0.744,-1,-1,-1
231,8,267.0,386.9,106.5,255.5,0.720,-1,-1,-1
232,2,1202.2,375.5,107.6,275.3,0.886,-1,-1,-1
232,5,356.6,383.7,85.3,260.4,0.756,-1,-1,-1
232,3,924.9,374.4,94.0,286.1,0.746,-1,-1,-1
232,8,267.3,386.9,106.0,256.0,0.721,-1,-1,-1
233,2,1205.4,375.2,104.8,275.9,0.915,-1,-1,-1
233,3,920.1,375.5,102.5,300.8,0.805,-1,-1,-1
233,8,277.8,387.5,118.1,255.1,0.661,-1,-1,-1
233,4,93.6,378.1,132.6,294.7,0.609,-1,-1,-1
233,5,344.2,384.2,100.8,253.6,0.585,-1,-1,-1
234,2,1205.2,375.2,105.1,275.6,0.915,-1,-1,-1
234,3,920.1,375.5,102.7,300.6,0.805,-1,-1,-1
234,8,277.9,387.5,118.2,255.2,0.664,-1,-1,-1
234,4,93.3,378.0,132.9,294.7,0.608,-1,-1,-1
234,5,346.7,384.2,98.3,253.7,0.583,-1,-1,-1
235,2,1205.2,375.2,105.1,275.5,0.915,-1,-1,-1
235,3,920.7,375.6,102.1,300.9,0.807,-1,-1,-1
235,8,277.9,387.5,117.9,255.3,0.679,-1,-1,-1
235,4,93.0,378.0,133.3,294.9,0.609,-1,-1,-1
235,5,344.9,383.9,101.3,254.3,0.585,-1,-1,-1
236,2,1205.3,375.2,104.9,275.5,0.915,-1,-1,-1
236,3,919.8,375.4,103.0,301.2,0.804,-1,-1,-1
236,8,278.3,387.5,117.5,255.1,0.699,-1,-1,-1
236,4,92.6,378.0,133.7,294.8,0.599,-1,-1,-1
236,5,345.0,383.9,101.3,254.3,0.580,-1,-1,-1
237,2,1206.8,374.4,104.7,278.6,0.845,-1,-1,-1
237,4,90.9,377.6,132.4,294.5,0.745,-1,-1,-1
237,8,284.9,381.6,130.0,287.8,0.557,-1,-1,-1
237,5,322.2,384.6,128.7,262.3,0.372,-1,-1,-1
237,3,904.6,382.4,121.4,288.3,0.323,-1,-1,-1
238,2,1206.2,374.3,104.9,278.2,0.841,-1,-1,-1
238,4,90.0,378.7,133.4,292.8,0.709,-1,-1,-1
238,8,284.1,381.6,129.3,290.1,0.604,-1,-1,-1
238,5,336.1,385.0,115.4,261.4,0.368,-1,-1,-1
238,3,903.7,382.4,122.6,288.6,0.306,-1,-1,-1
239,2,1205.9,374.2,105.0,279.3,0.837,-1,-1,-1
239,4,89.3,379.1,134.6,291.8,0.653,-1,-1,-1
239,8,285.2,382.2,128.7,283.9,0.643,-1,-1,-1
239,5,324.9,384.9,126.2,260.2,0.372,-1,-1,-1
239,3,903.6,382.4,122.6,288.9,0.324,-1,-1,-1
240,2,1205.7,374.2,105.4,278.7,0.834,-1,-1,-1
240,4,88.9,379.2,135.1,291.5,0.663,-1,-1,-1
240,8,285.0,382.0,127.8,285.7,0.643,-1,-1,-1
240,5,330.2,384.9,121.0,261.9,0.371,-1,-1,-1
240,3,903.9,382.4,122.1,289.0,0.323,-1,-1,-1
241,2,1204.9,374.0,104.1,268.8,0.767,-1,-1,-1
241,4,88.1,379.3,133.2,291.5,0.702,-1,-1,-1
241,5,310.7,386.6,147.5,280.8,0.502,-1,-1,-1
241,8,295.9,387.6,104.9,251.9,0.383,-1,-1,-1
242,2,1204.9,374.0,104.1,268.7,0.762,-1,-1,-1
242,4,88.1,379.3,133.2,291.8,0.699,-1,-1,-1
242,5,311.0,386.6,147.3,287.3,0.488,-1,-1,-1
242,8,296.6,387.7,103.6,251.5,0.385,-1,-1,-1
243,2,1204.8,374.0,104.4,268.6,0.761,-1,-1,-1
243,4,88.3,379.3,133.0,291.7,0.700,-1,-1,-1
243,5,310.6,386.7,147.6,277.3,0.488,-1,-1,-1
243,8,296.8,387.7,103.4,251.4,0.400,-1,-1,-1
244,2,1205.0,374.0,104.5,268.3,0.766,-1,-1,-1
244,4,88.3,379.2,133.1,291.8,0.700,-1,-1,-1
244,5,310.9,386.7,147.3,274.7,0.487,-1,-1,-1
244,8,295.8,387.7,104.5,251.5,0.399,-1,-1,-1
245,4,86.9,379.2,131.6,292.1,0.803,-1,-1,-1
245,2,1208.1,373.7,102.4,269.7,0.756,-1,-1,-1
245,8,310.1,391.8,88.7,245.5,0.651,-1,-1,-1
245,5,315.4,388.9,113.4,247.9,0.442,-1,-1,-1
246,4,87.0,379.4,131.2,291.8,0.801,-1,-1,-1
246,2,1207.7,373.6,102.9,269.9,0.752,-1,-1,-1
246,8,309.4,391.8,89.4,245.6,0.649,-1,-1,-1
246,5,315.7,388.9,113.4,247.7,0.429,-1,-1,-1
247,4,87.3,379.2,131.0,292.4,0.804,-1,-1,-1
247,2,1207.3,373.5,103.3,270.0,0.750,-1,-1,-1
247,8,310.2,391.9,88.7,245.6,0.647,-1,-1,-1
247,5,316.5,388.9,113.1,247.8,0.431,-1,-1,-1
248,4,87.3,379.1,131.0,292.8,0.804,-1,-1,-1
248,2,1207.3,373.5,103.5,270.0,0.752,-1,-1,-1
248,8,310.2,391.9,88.7,245.6,0.649,-1,-1,-1
248,5,316.0,388.9,112.7,247.2,0.448,-1,-1,-1
249,4,87.5,378.9,129.3,292.3,0.832,-1,-1,-1
249,2,1211.2,373.9,105.7,265.9,0.799,-1,-1,-1
250,4,87.6,379.0,129.3,292.6,0.833,-1,-1,-1
250,2,1211.1,373.8,105.6,265.8,0.798,-1,-1,-1
251,4,87.1,379.6,130.0,292.3,0.830,-1,-1,-1
251,2,1209.3,373.7,107.6,267.2,0.791,-1,-1,-1
252,4,87.5,379.7,129.8,292.5,0.830,-1,-1,-1
252,2,1209.5,373.7,107.3,267.1,0.794,-1,-1,-1
253,4,87.7,379.4,127.9,293.2,0.837,-1,-1,-1
253,2,1207.0,373.6,112.1,265.8,0.788,-1,-1,-1
254,4,87.7,379.4,127.9,293.0,0.838,-1,-1,-1
254,2,1206.5,373.6,113.2,265.8,0.784,-1,-1,-1
255,4,87.8,379.5,127.9,292.7,0.837,-1,-1,-1
255,2,1206.7,373.6,112.7,265.8,0.783,-1,-1,-1
256,4,87.7,379.7,127.9,292.6,0.837,-1,-1,-1
256,2,1206.5,373.6,113.1,265.9,0.780,-1,-1,-1
257,4,87.4,379.7,127.8,288.8,0.836,-1,-1,-1
257,2,1207.2,373.9,112.2,265.9,0.784,-1,-1,-1
258,4,87.1,379.9,128.3,288.5,0.836,-1,-1,-1
258,2,1207.5,373.9,111.9,265.9,0.783,-1,-1,-1
259,4,86.9,379.9,128.6,288.3,0.836,-1,-1,-1
259,2,1207.3,373.9,112.3,265.9,0.783,-1,-1,-1
260,4,87.2,379.9,128.3,288.5,0.836,-1,-1,-1
260,2,1207.6,373.8,112.0,265.9,0.779,-1,-1,-1
261,4,86.8,381.2,128.6,285.8,0.828,-1,-1,-1
261,2,1206.6,374.2,118.4,265.2,0.767,-1,-1,-1
262,4,86.4,381.2,129.0,285.9,0.829,-1,-1,-1
262,2,1206.3,374.1,118.3,265.5,0.764,-1,-1,-1
263,4,86.2,381.3,129.1,285.6,0.829,-1,-1,-1
263,2,1206.9,374.1,117.9,265.5,0.765,-1,-1,-1
264,4,86.3,381.1,129.0,285.8,0.830,-1,-1,-1
264,2,1206.6,374.2,118.1,265.1,0.767,-1,-1,-1
265,4,87.5,381.4,127.0,274.0,0.814,-1,-1,-1
265,2,1207.4,374.6,118.5,264.4,0.769,-1,-1,-1
266,4,87.6,381.4,127.0,274.7,0.814,-1,-1,-1
266,2,1207.5,374.5,119.0,264.5,0.764,-1,-1,-1
267,4,87.6,381.3,127.0,274.0,0.814,-1,-1,-1
267,2,1207.1,374.5,118.9,264.5,0.766,-1,-1,-1
268,4,87.5,381.2,127.0,274.3,0.813,-1,-1,-1
268,2,1206.9,374.5,119.6,264.5,0.762,-1,-1,-1
269,4,88.3,383.4,125.0,278.0,0.823,-1,-1,-1
269,2,1207.7,375.2,119.9,264.5,0.760,-1,-1,-1
270,4,88.3,381.1,126.5,281.8,0.821,-1,-1,-1
270,2,1207.8,375.1,119.4,264.6,0.760,-1,-1,-1
271,4,88.2,383.1,124.9,277.5,0.821,-1,-1,-1
271,2,1207.9,375.1,119.5,264.6,0.761,-1,-1,-1
272,4,88.6,383.1,124.4,277.8,0.823,-1,-1,-1
272,2,1207.6,375.1,119.7,264.8,0.761,-1,-1,-1
273,4,93.8,376.9,116.8,289.8,0.813,-1,-1,-1
273,2,1209.7,375.5,117.3,264.2,0.768,-1,-1,-1
274,4,93.7,376.9,117.0,290.1,0.814,-1,-1,-1
274,2,1209.5,375.5,117.6,264.3,0.769,-1,-1,-1
275,4,93.5,376.9,117.1,290.5,0.815,-1,-1,-1
275,2,1209.8,375.5,117.5,264.1,0.770,-1,-1,-1
276,4,93.0,376.5,117.6,291.1,0.816,-1,-1,-1
276,2,1209.5,375.5,117.9,264.1,0.769,-1,-1,-1
277,4,92.0,375.0,119.3,294.4,0.820,-1,-1,-1
277,2,1209.4,375.7,114.9,264.2,0.804,-1,-1,-1
278,4,91.4,375.0,119.8,294.1,0.819,-1,-1,-1
278,2,1209.3,375.7,114.7,264.3,0.801,-1,-1,-1
279,4,92.2,375.1,119.0,292.9,0.817,-1,-1,-1
279,2,1209.4,375.9,114.7,264.2,0.799,-1,-1,-1
280,4,92.4,375.1,118.8,293.6,0.817,-1,-1,-1
280,2,1209.6,375.9,114.8,264.3,0.794,-1,-1,-1
281,4,86.5,379.2,128.8,285.8,0.809,-1,-1,-1
281,2,1208.1,376.3,113.8,264.9,0.782,-1,-1,-1
282,4,91.7,375.5,120.1,291.9,0.810,-1,-1,-1
282,2,1207.9,376.2,113.9,265.3,0.785,-1,-1,-1
283,4,92.2,375.5,119.6,292.1,0.812,-1,-1,-1
283,2,1207.8,376.2,114.1,265.2,0.786,-1,-1,-1
284,4,92.2,375.4,119.6,292.7,0.816,-1,-1,-1
284,2,1207.5,376.3,114.0,265.1,0.788,-1,-1,-1
285,4,96.1,373.9,115.9,293.6,0.810,-1,-1,-1
285,2,1207.2,376.2,115.1,265.9,0.772,-1,-1,-1
286,4,96.5,373.6,115.8,294.8,0.813,-1,-1,-1
286,2,1207.2,376.3,115.3,265.4,0.775,-1,-1,-1
287,4,96.8,373.5,115.4,295.5,0.813,-1,-1,-1
287,2,1207.2,376.3,115.2,265.4,0.772,-1,-1,-1
288,4,96.9,373.2,115.4,296.0,0.814,-1,-1,-1
288,2,1207.4,376.3,114.9,265.5,0.769,-1,-1,-1
289,4,93.0,372.9,120.0,297.0,0.816,-1,-1,-1
289,2,1207.1,376.1,114.8,266.6,0.755,-1,-1,-1
290,4,92.6,372.8,120.5,297.4,0.815,-1,-1,-1
290,2,1207.0,376.1,115.1,266.7,0.749,-1,-1,-1
291,4,92.6,372.9,120.6,297.4,0.816,-1,-1,-1
291,2,1206.9,376.1,113.9,267.2,0.744,-1,-1,-1
292,4,92.6,372.9,120.5,297.4,0.816,-1,-1,-1
292,2,1206.8,376.1,113.7,266.7,0.750,-1,-1,-1
293,4,94.6,372.1,116.1,297.6,0.808,-1,-1,-1
293,2,1206.6,375.8,113.9,321.5,0.729,-1,-1,-1
294,4,94.7,372.0,116.0,297.6,0.807,-1,-1,-1
294,2,1206.8,375.9,113.2,301.9,0.726,-1,-1,-1
295,4,94.8,372.0,115.9,297.6,0.808,-1,-1,-1
295,2,1207.1,375.8,112.8,321.9,0.725,-1,-1,-1
296,4,90.6,376.2,123.1,292.5,0.807,-1,-1,-1
296,2,1206.8,375.7,113.5,325.4,0.727,-1,-1,-1
297,4,93.0,375.4,116.3,293.9,0.800,-1,-1,-1
297,2,1205.3,376.0,103.8,279.3,0.717,-1,-1,-1
298,4,93.6,375.4,115.9,293.9,0.800,-1,-1,-1
298,2,1205.3,376.1,103.3,279.1,0.728,-1,-1,-1
299,4,93.8,375.4,115.2,294.3,0.802,-1,-1,-1
299,2,1205.3,376.1,103.4,279.1,0.722,-1,-1,-1
300,4,93.7,375.3,115.3,294.3,0.802,-1,-1,-1
300,2,1205.2,376.1,103.4,279.6,0.733,-1,-1,-1
